[334, 492, 720, 1274, 278, 72, 720, 796]
[247, 130, 720, 1092, 289, 24, 573, 567]
[285, 45, 708, 696, 377, 431, 720, 1188]
[285, 152, 720, 1116, 328, 12, 685, 520]
[276, 81, 712, 785, 336, 639, 707, 1280]
[382, 579, 713, 1280, 294, 46, 699, 705]
[300, 286, 720, 1235]
[294, 94, 712, 989, 365, 636, 694, 1231]
[265, 171, 716, 1098]
[141, 126, 718, 1234]
[184, 192, 720, 1278]
[187, 192, 720, 1280]
[206, 111, 720, 1245]
[200, 130, 716, 1210]
[189, 130, 720, 1227]
[189, 223, 720, 1280]
[180, 201, 720, 1280]
[210, 100, 720, 1217]
[238, 105, 720, 1221]
[192, 115, 720, 1205]
[172, 129, 720, 1174]
[152, 143, 720, 1256]
[149, 214, 701, 1266]
[186, 291, 720, 1269]
[137, 173, 720, 1134]
[135, 210, 720, 1253]
[134, 235, 719, 1219]
[185, 262, 720, 1223]
[165, 136, 720, 1269]
[160, 162, 720, 1271]
[192, 390, 707, 1280]
[187, 316, 714, 1280]
[192, 214, 720, 1242]
[194, 441, 720, 1280]
[176, 172, 720, 1236]
[184, 235, 720, 1243]
[209, 309, 720, 1244]
[178, 325, 720, 1221]
[186, 290, 720, 1270]
[172, 190, 720, 1253]
[208, 162, 720, 1241]
[177, 140, 720, 1188]
[202, 316, 720, 1280]
[206, 290, 720, 1245]
[210, 305, 720, 1266]
[185, 318, 720, 1250]
[195, 341, 720, 1244]
[198, 355, 720, 1221]
[245, 313, 720, 1252]
[177, 340, 720, 1261]
[220, 347, 720, 1265]
[238, 323, 720, 1245]
[200, 338, 720, 1254]
[197, 341, 720, 1258]
[211, 357, 720, 1272]
[199, 322, 720, 1280]
[147, 317, 720, 1275]
[219, 344, 720, 1267]
[203, 328, 720, 1253]
[203, 334, 720, 1257]
[208, 324, 720, 1254]
[178, 337, 720, 1253]
[192, 230, 720, 1280]
[187, 231, 720, 1280]
[193, 325, 720, 1256]
