[334, 22, 720, 543]
[341, 22, 720, 541]
[336, 19, 720, 537]
[109, 81, 720, 1195]
[120, 99, 720, 1140]
[68, 31, 707, 1171]
[79, 67, 690, 1239]
[97, 92, 712, 1192]
[84, 55, 720, 1237]
[92, 54, 716, 1199]
[91, 57, 709, 1221]
[101, 50, 707, 1206]
[114, 66, 710, 1161]
[95, 65, 695, 1188]
[95, 40, 716, 1197]
[87, 70, 700, 1244]
[70, 53, 706, 1254]
[72, 63, 719, 1256]
[81, 25, 714, 1206]
[75, 72, 720, 1172]
[80, 89, 720, 1178]
[78, 19, 720, 1224]
[89, 49, 720, 1164]
[78, 83, 715, 1241]
[59, 59, 720, 1247]
[70, 46, 720, 1223]
[73, 30, 720, 1261]
[104, 83, 720, 1162]
[85, 75, 720, 1198]
[89, 83, 720, 1141]
[80, 35, 720, 1240]
[120, 84, 720, 1127]
[79, 123, 712, 1179]
[111, 117, 712, 1194]
[85, 119, 720, 1217]
[99, 113, 720, 1220]
[86, 71, 699, 1277]
[111, 64, 706, 1155]
[74, 88, 716, 1250]
[82, 102, 701, 1251]
[271, 89, 708, 891]
[264, 91, 711, 879]
[247, 99, 704, 876]
[262, 51, 710, 870]
[258, 94, 711, 900]
[286, 91, 718, 895]
[253, 101, 720, 824]
[257, 101, 704, 907]
[201, 50, 701, 1000]
[205, 57, 703, 991]
[209, 42, 704, 1038]
[254, 110, 703, 993]
[244, 107, 716, 876]
[256, 113, 720, 843]
[246, 125, 690, 1020]
[248, 131, 698, 1002]
[246, 99, 719, 882]
[250, 119, 705, 973]
[258, 132, 701, 958]
[268, 130, 704, 937]
[266, 123, 715, 938]
[254, 85, 720, 837]
[283, 136, 714, 921]
[275, 148, 720, 912]
[266, 118, 720, 915]
[277, 126, 713, 908]
[281, 123, 712, 909]
[285, 105, 720, 897]
[285, 135, 711, 916]
[287, 137, 710, 905]
[282, 141, 715, 897]
[269, 121, 714, 911]
[294, 106, 720, 897]
[299, 111, 720, 885]
[298, 119, 719, 896]
[296, 100, 720, 877]
[309, 99, 720, 873]
[313, 98, 720, 875]
[309, 109, 720, 898]
[315, 92, 720, 882]
[311, 160, 715, 908]
[297, 109, 720, 884]
[305, 115, 720, 884]
[297, 121, 718, 876]
[287, 109, 713, 869]
[292, 112, 719, 863]
[303, 120, 716, 850]
[296, 110, 709, 846]
[304, 116, 709, 881]
[328, 153, 708, 894]
[299, 114, 716, 894]
[305, 116, 719, 892]
[316, 119, 720, 869]
[316, 113, 720, 872]
[311, 99, 720, 872]
[331, 136, 715, 893]
[289, 106, 717, 891]
[283, 122, 714, 921]
[287, 78, 720, 836]
[286, 77, 720, 835]
[309, 139, 718, 915]
[314, 129, 701, 897]
[295, 127, 720, 886]
[287, 113, 720, 865]
[313, 164, 701, 927]
[268, 96, 706, 895]
[284, 128, 720, 864]
[272, 121, 720, 876]
[271, 127, 720, 827]
[289, 73, 715, 835]
[300, 79, 711, 834]
[296, 79, 718, 849]
[302, 90, 719, 883]
[308, 86, 720, 891]
[311, 92, 720, 899]
[298, 135, 720, 828]
[288, 132, 720, 813]
[304, 58, 719, 834]
[303, 51, 703, 895]
[337, 71, 720, 828]
[305, 45, 706, 867]
[306, 55, 712, 873]
[326, 65, 713, 904]
[327, 35, 700, 885]
[318, 21, 694, 858]
[344, 35, 712, 854]
[311, 46, 720, 830]
[325, 49, 717, 898]
[324, 40, 719, 811]
[318, 23, 704, 899]
[323, 39, 720, 800]
[311, 27, 717, 837]
[328, 75, 712, 809]
[310, 30, 720, 818]
[302, 43, 720, 810]
[290, 20, 720, 800]
[310, 57, 720, 798]
[296, 26, 720, 768]
[287, 44, 720, 824]
[299, 46, 720, 807]
[333, 20, 716, 783]
[332, 26, 720, 769]
[321, 19, 720, 771]
[306, 8, 714, 792]
[306, 28, 716, 747]
[338, 31, 720, 767]
[306, 16, 711, 731]
[317, 22, 711, 717]
[288, 44, 714, 878]
[310, 20, 720, 725]
[274, 21, 708, 861]
[268, 27, 717, 861]
[296, 0, 720, 698]
[269, 0, 715, 971]
[272, 23, 720, 859]
[261, 0, 720, 671]
[262, 0, 720, 718]
[290, 9, 720, 742]
[285, 0, 720, 868]
[295, 17, 720, 846]
[301, 0, 720, 848]
[297, 0, 720, 839]
[320, 5, 720, 628]
[280, 0, 720, 794]
[240, 0, 715, 1087]
[269, 17, 720, 704]
[294, 20, 720, 561]
[268, 0, 720, 675]
[269, 24, 717, 651]
