[5, 0, 271, 854]
[4, 3, 271, 854]
[6, 0, 272, 854]
[3, 0, 275, 854]
[4, 0, 276, 854]
[5, 0, 275, 854]
[4, 0, 277, 854]
[0, 0, 290, 829]
[3, 2, 280, 854]
[5, 4, 281, 854]
[5, 4, 278, 850]
[8, 0, 273, 838]
[4, 6, 277, 846]
[0, 2, 284, 843]
[0, 8, 281, 839]
[0, 8, 272, 845]
[0, 4, 280, 835]
[0, 7, 274, 840]
[2, 17, 270, 852]
[0, 13, 269, 851]
[0, 6, 266, 853]
[1, 8, 268, 854]
[0, 0, 271, 854]
[0, 4, 278, 852]
[0, 8, 275, 849]
[0, 2, 278, 851]
[0, 0, 277, 854]
[0, 2, 274, 854]
[13, 0, 268, 841]
[0, 11, 273, 854]
[0, 12, 271, 854]
[0, 14, 275, 854]
[1, 0, 274, 854]
[1, 0, 274, 854]
[0, 5, 276, 854]
[1, 7, 274, 854]
[0, 14, 272, 854]
[4, 9, 269, 854]
[3, 4, 270, 854]
[0, 13, 274, 854]
[0, 3, 270, 854]
[0, 3, 269, 854]
[0, 5, 268, 854]
[0, 11, 268, 854]
[7, 0, 261, 845]
[8, 0, 263, 844]
[10, 0, 266, 841]
[0, 0, 268, 854]
[11, 0, 263, 843]
[11, 0, 263, 842]
[11, 0, 263, 840]
[2, 8, 273, 851]
[14, 0, 263, 843]
[0, 0, 270, 854]
[0, 4, 268, 854]
[1, 0, 264, 854]
[3, 1, 265, 854]
[3, 1, 265, 854]
[0, 0, 265, 854]
[1, 4, 265, 854]
[4, 4, 263, 854]
[2, 2, 266, 854]
[0, 0, 263, 854]
[0, 0, 265, 854]
[3, 0, 264, 854]
[11, 0, 261, 844]
[7, 0, 260, 854]
[6, 0, 267, 850]
[1, 3, 269, 854]
[12, 0, 265, 849]
[11, 0, 261, 842]
[12, 0, 260, 843]
[13, 0, 263, 838]
[13, 0, 266, 840]
[15, 0, 268, 838]
[13, 0, 268, 846]
[12, 0, 272, 845]
[12, 0, 264, 845]
[6, 7, 270, 854]
[1, 9, 269, 854]
[4, 14, 265, 854]
[4, 0, 258, 854]
[4, 11, 265, 854]
[3, 8, 268, 854]
[5, 8, 269, 854]
[3, 4, 267, 854]
[4, 8, 266, 854]
[5, 0, 259, 854]
[11, 0, 260, 839]
[0, 11, 268, 854]
[0, 5, 268, 854]
[0, 2, 267, 854]
[2, 0, 269, 854]
[14, 0, 266, 843]
[13, 0, 263, 841]
[0, 0, 265, 854]
[1, 0, 265, 854]
[11, 0, 269, 853]
[0, 0, 268, 854]
[0, 0, 265, 854]
[0, 0, 267, 854]
[1, 0, 270, 854]
[1, 0, 271, 854]
[0, 0, 270, 854]
[0, 9, 272, 854]
[0, 0, 274, 854]
[0, 12, 274, 854]
[0, 18, 275, 854]
[0, 10, 275, 854]
[0, 0, 274, 854]
[0, 2, 275, 854]
[0, 9, 280, 854]
[0, 16, 281, 854]
[12, 11, 275, 845]
[0, 5, 278, 854]
[0, 2, 279, 854]
[0, 8, 274, 854]
[11, 0, 270, 843]
[0, 0, 275, 854]
[12, 1, 268, 846]
[0, 0, 278, 854]
[0, 0, 278, 854]
[10, 2, 278, 844]
[0, 0, 280, 854]
[0, 4, 281, 854]
