[2, 18, 274, 854]
[4, 0, 278, 854]
[6, 0, 277, 834]
[10, 0, 280, 854]
[0, 0, 275, 854]
[8, 0, 275, 853]
[0, 0, 280, 853]
[1, 10, 277, 854]
[10, 0, 273, 853]
[13, 0, 281, 854]
[6, 12, 275, 854]
[1, 11, 278, 850]
[7, 3, 273, 854]
[0, 4, 275, 854]
[0, 8, 273, 854]
[3, 9, 273, 854]
[1, 4, 273, 854]
[0, 2, 274, 854]
[10, 0, 271, 847]
[0, 10, 277, 853]
[0, 11, 275, 854]
[11, 0, 274, 853]
[0, 3, 275, 854]
[0, 11, 277, 854]
[0, 10, 274, 854]
[13, 1, 280, 854]
[0, 8, 279, 854]
[6, 0, 273, 833]
[8, 0, 270, 844]
[11, 0, 278, 854]
[2, 7, 272, 850]
[11, 0, 277, 853]
[10, 0, 281, 854]
[0, 8, 275, 849]
[2, 6, 270, 854]
[1, 4, 272, 853]
[2, 10, 269, 854]
[0, 8, 271, 854]
[0, 15, 271, 854]
[0, 8, 271, 854]
[5, 2, 279, 854]
[0, 10, 271, 854]
[2, 6, 270, 854]
[1, 8, 272, 854]
[0, 5, 272, 854]
[2, 6, 272, 854]
[4, 6, 273, 854]
[6, 0, 271, 854]
[5, 1, 271, 854]
[3, 2, 269, 854]
[4, 1, 270, 854]
[2, 0, 277, 854]
[5, 0, 271, 854]
[2, 1, 271, 854]
[1, 2, 271, 854]
[1, 4, 272, 854]
[0, 0, 276, 852]
[2, 0, 275, 854]
[1, 5, 274, 854]
[0, 10, 279, 847]
[0, 17, 277, 850]
[0, 16, 268, 854]
[0, 8, 267, 854]
[0, 13, 278, 854]
[0, 7, 273, 850]
[0, 8, 270, 854]
[2, 0, 270, 848]
[3, 12, 272, 854]
[4, 8, 271, 854]
[3, 0, 262, 854]
[0, 4, 267, 854]
[10, 0, 264, 854]
[10, 0, 265, 854]
[5, 0, 268, 854]
[1, 14, 265, 854]
[2, 13, 267, 854]
[0, 14, 267, 854]
[0, 21, 269, 854]
[1, 24, 266, 854]
[0, 16, 268, 849]
[1, 18, 266, 854]
[0, 24, 271, 854]
[0, 20, 272, 840]
[0, 15, 268, 833]
[0, 9, 266, 854]
[2, 12, 265, 854]
[5, 16, 268, 841]
[4, 11, 263, 854]
[8, 9, 264, 854]
[7, 16, 264, 854]
[6, 14, 266, 854]
[2, 12, 264, 854]
[10, 11, 268, 851]
[8, 7, 267, 853]
[2, 4, 267, 842]
[1, 0, 261, 849]
[1, 0, 262, 852]
[0, 18, 267, 846]
[3, 8, 269, 842]
[9, 0, 266, 850]
[4, 0, 270, 854]
[3, 0, 276, 847]
[2, 0, 270, 852]
[7, 0, 263, 849]
[7, 0, 265, 854]
[9, 0, 267, 845]
[1, 4, 272, 854]
[6, 0, 261, 846]
[5, 0, 254, 847]
[0, 7, 259, 854]
[0, 10, 260, 854]
[0, 4, 260, 854]
[0, 8, 259, 854]
[1, 6, 262, 854]
[7, 0, 257, 853]
[0, 0, 256, 852]
[0, 0, 267, 854]
[12, 0, 264, 841]
[7, 0, 266, 849]
[10, 0, 263, 854]
[8, 0, 260, 854]
[0, 9, 262, 854]
[6, 0, 261, 850]
[9, 0, 256, 852]
[7, 0, 255, 854]
[7, 0, 258, 854]
[0, 10, 260, 854]
[6, 0, 254, 853]
[6, 0, 254, 854]
[0, 13, 261, 854]
[1, 22, 260, 854]
[9, 0, 255, 849]
[4, 23, 259, 854]
[8, 0, 258, 849]
[12, 0, 260, 850]
[12, 0, 257, 846]
[0, 13, 254, 850]
[12, 0, 255, 852]
[0, 1, 246, 850]
[0, 17, 263, 854]
[10, 0, 255, 851]
[5, 14, 261, 852]
[0, 3, 257, 854]
[2, 8, 254, 854]
[0, 2, 257, 854]
[0, 0, 253, 854]
[0, 0, 256, 854]
[0, 3, 257, 854]
[4, 0, 250, 850]
[0, 0, 260, 852]
[0, 0, 252, 854]
[4, 0, 252, 849]
[3, 0, 251, 850]
[0, 0, 261, 817]
[0, 0, 254, 854]
[0, 0, 254, 854]
[0, 0, 254, 854]
[0, 0, 253, 854]
[0, 0, 252, 854]
[0, 0, 252, 854]
[0, 2, 254, 854]
[1, 0, 251, 840]
[3, 0, 251, 847]
[0, 0, 258, 854]
[0, 0, 256, 854]
[0, 0, 251, 853]
[0, 3, 251, 853]
[0, 2, 251, 847]
[1, 3, 253, 846]
[0, 5, 252, 849]
[3, 0, 252, 840]
[7, 0, 246, 833]
[0, 6, 257, 846]
[1, 3, 242, 818]
[0, 26, 251, 854]
[4, 0, 248, 837]
[0, 11, 257, 854]
[0, 5, 250, 854]
[0, 6, 255, 854]
[0, 11, 255, 854]
[0, 13, 256, 854]
[2, 0, 251, 834]
[0, 7, 251, 854]
[0, 7, 250, 854]
[0, 12, 250, 854]
[7, 9, 256, 844]
[6, 9, 255, 842]
[4, 0, 250, 846]
[8, 5, 254, 843]
[2, 0, 248, 843]
[1, 0, 249, 840]
[8, 5, 249, 843]
[0, 29, 252, 854]
[5, 10, 250, 851]
[5, 0, 250, 848]
[6, 0, 248, 849]
[8, 0, 248, 854]
[0, 0, 256, 836]
[0, 4, 258, 834]
[5, 1, 245, 854]
[0, 15, 255, 854]
[0, 0, 252, 845]
[4, 0, 248, 848]
[3, 0, 253, 847]
[0, 0, 253, 826]
[6, 5, 241, 853]
[0, 0, 254, 825]
[0, 0, 254, 827]
[0, 6, 254, 854]
