[377, 47, 720, 1197]
[461, 23, 720, 919]
[349, 38, 720, 1218]
[345, 40, 720, 1214]
[349, 38, 720, 1210]
[345, 52, 720, 1205]
[451, 33, 720, 946]
[443, 39, 720, 988]
[339, 24, 720, 1186]
[301, 44, 720, 1205]
[398, 65, 720, 1086]
[400, 66, 720, 1058, 433, 0, 655, 514]
[412, 57, 720, 1154]
[417, 77, 720, 1137, 521, 3, 708, 571]
[422, 69, 720, 1069]
[360, 69, 720, 1126]
[409, 59, 715, 1018]
[450, 82, 720, 994]
[374, 55, 720, 1225, 384, 9, 611, 589]
[356, 47, 720, 1230]
[418, 79, 720, 1036]
[367, 66, 720, 1101, 500, 5, 705, 617]
[367, 46, 720, 1096]
[325, 71, 720, 1228, 504, 22, 703, 641]
[373, 65, 715, 1128]
[351, 2, 720, 1199]
[367, 53, 708, 1129]
[368, 57, 708, 1123]
[413, 54, 716, 1072]
[353, 43, 720, 1138]
[448, 74, 715, 997]
[329, 54, 720, 1240, 486, 28, 707, 672]
[327, 1, 720, 1232, 491, 32, 711, 635]
[382, 39, 720, 1088]
[331, 22, 720, 1234]
[339, 9, 720, 1224]
[401, 58, 720, 991]
[372, 11, 720, 1116]
[368, 24, 720, 1101]
[323, 0, 720, 1227]
[450, 35, 720, 1074]
[373, 8, 720, 1150]
[330, 0, 720, 1248, 378, 7, 539, 664]
[474, 21, 720, 1033, 389, 1, 624, 596]
[363, 27, 720, 1124, 471, 9, 666, 579]
[362, 42, 720, 1147, 496, 0, 678, 623]
[453, 35, 720, 1076]
[372, 34, 720, 1137, 499, 0, 694, 600]
[387, 38, 720, 1087, 500, 0, 683, 621]
[397, 36, 720, 1064, 477, 0, 660, 578]
[438, 4, 720, 1060]
[382, 35, 720, 1104, 505, 0, 699, 604]
[379, 41, 720, 1121, 496, 0, 687, 616]
[434, 0, 660, 601]
[392, 32, 720, 1122]
[388, 23, 720, 1117, 500, 0, 695, 569]
[400, 8, 720, 1105, 518, 0, 699, 591]
[383, 9, 720, 1105]
[384, 23, 720, 1119, 513, 0, 694, 603]
[388, 13, 720, 1121]
[383, 12, 720, 1129]
[444, 28, 720, 1079]
[419, 12, 720, 1087]
[359, 0, 720, 1143]
[367, 26, 720, 1145]
[374, 0, 720, 1116, 528, 47, 720, 608]
[371, 8, 720, 1130, 518, 55, 720, 621]
[505, 9, 710, 655]
[384, 7, 720, 1102, 512, 92, 706, 614]
[488, 48, 720, 751]
[489, 55, 720, 745]
[485, 33, 720, 721]
[444, 16, 720, 1071]
[491, 54, 720, 879]
[488, 51, 720, 883]
[472, 49, 720, 916]
[461, 56, 716, 1001]
[465, 61, 720, 833]
[510, 22, 717, 699]
[514, 28, 720, 700]
[453, 42, 720, 1036]
[499, 40, 720, 764]
[466, 46, 720, 884]
[516, 42, 720, 874]
[516, 27, 711, 673, 343, 19, 720, 1215]
[474, 36, 720, 986]
[512, 25, 708, 676, 344, 14, 720, 1211]
[469, 34, 720, 1002]
[504, 30, 720, 747]
[512, 32, 720, 789]
[479, 70, 720, 742]
[405, 62, 720, 1014]
[488, 69, 720, 751]
[475, 86, 720, 709]
[490, 103, 718, 674]
[481, 68, 720, 720]
[478, 63, 718, 691]
[500, 59, 720, 700]
[440, 26, 720, 892]
[493, 122, 716, 715]
[477, 44, 715, 769]
[467, 19, 720, 918]
[460, 27, 720, 921]
[479, 37, 713, 718]
[479, 46, 716, 742]
[491, 59, 710, 691]
[460, 35, 720, 909]
[465, 56, 717, 708]
[467, 46, 716, 739]
[457, 45, 715, 717]
[476, 69, 716, 769]
[432, 3, 720, 923]
[476, 53, 720, 669]
[453, 51, 720, 715]
[488, 13, 720, 710]
[489, 0, 720, 661]
[429, 7, 720, 890]
[460, 45, 720, 700]
[492, 11, 720, 709]
[493, 0, 716, 704]
[501, 0, 712, 692]
[498, 5, 713, 721]
[487, 0, 717, 680]
[452, 0, 720, 810]
[506, 0, 705, 675]
[390, 0, 714, 903]
[504, 16, 713, 660]
[432, 10, 714, 851]
[496, 12, 709, 655]
[402, 0, 720, 933]
[459, 20, 720, 999]
[497, 0, 712, 696]
[498, 4, 711, 680]
[364, 0, 718, 1017]
[369, 37, 720, 1115]
[490, 14, 712, 730]
[494, 0, 716, 709]
[458, 57, 720, 919]
[498, 21, 720, 761]
[494, 34, 720, 742]
[495, 0, 716, 710]
[458, 52, 720, 980]
[456, 48, 720, 977]
[454, 44, 720, 974]
[291, 0, 716, 1191, 504, 2, 712, 694]
[430, 51, 716, 921]
[286, 0, 718, 1209, 489, 13, 698, 747]
[441, 51, 717, 889]
[484, 0, 710, 710, 288, 0, 705, 1252]
[392, 33, 720, 938]
[383, 12, 720, 1039]
[351, 0, 714, 1121]
[436, 12, 720, 874]
[439, 23, 720, 893]
[436, 45, 720, 933]
[430, 43, 720, 927]
[430, 38, 713, 894]
[377, 22, 715, 1128]
[412, 16, 720, 929]
[379, 51, 720, 1039]
[458, 20, 720, 913]
[419, 0, 712, 839]
[431, 12, 720, 831]
[388, 0, 720, 1120]
[372, 0, 711, 1076]
[308, 0, 692, 1124]
[391, 0, 720, 1041]
[491, 72, 720, 857]
[438, 21, 720, 893]
[506, 42, 720, 718]
[436, 28, 720, 899]
[471, 45, 720, 778]
[400, 52, 720, 1080]
[462, 29, 718, 833]
[466, 29, 720, 877]
[396, 12, 720, 1043]
[405, 56, 720, 963]
[474, 30, 717, 803]
[356, 0, 715, 1045]
[471, 36, 720, 867]
[474, 27, 720, 810]
[395, 43, 720, 1030]
[399, 20, 720, 988]
