[75, 8, 351, 854]
[73, 16, 341, 854]
[74, 12, 356, 854]
[73, 8, 350, 854]
[72, 10, 351, 850]
[78, 18, 343, 837]
[80, 5, 347, 845]
[81, 0, 347, 843]
[76, 3, 347, 842]
[78, 4, 349, 843]
[85, 0, 344, 854]
[84, 8, 352, 842]
[86, 20, 347, 843]
[87, 2, 356, 853]
[88, 27, 347, 843]
[95, 12, 345, 839]
[93, 13, 349, 854]
[82, 19, 345, 854]
[88, 0, 343, 841]
[82, 8, 352, 850]
[85, 10, 345, 831]
[94, 23, 349, 854]
[82, 11, 341, 854]
[92, 24, 343, 839]
[92, 0, 343, 849]
[92, 5, 344, 854]
[91, 8, 354, 854]
[83, 11, 351, 849]
[84, 10, 352, 854]
[86, 0, 350, 840]
[88, 3, 350, 841]
[91, 13, 347, 845]
[89, 6, 345, 845]
[90, 9, 356, 854]
[88, 15, 356, 853]
[85, 9, 349, 843]
[86, 4, 346, 844]
[84, 7, 347, 846]
[82, 4, 346, 844]
[78, 15, 346, 854]
[85, 8, 355, 852]
[82, 14, 353, 854]
[88, 14, 355, 854]
[83, 0, 355, 854]
[80, 3, 353, 854]
[84, 10, 358, 854]
[82, 14, 357, 854]
[80, 11, 354, 854]
[72, 17, 349, 854]
[80, 16, 355, 854]
[79, 9, 356, 854]
[80, 11, 350, 854]
[83, 17, 355, 854]
[74, 7, 343, 854]
[76, 10, 350, 854]
[76, 6, 346, 854]
[82, 12, 340, 854]
[76, 13, 340, 846]
[75, 16, 340, 854]
[78, 18, 345, 854]
[80, 11, 339, 854]
[81, 14, 340, 854]
[77, 14, 341, 854]
[82, 12, 344, 854]
[79, 9, 340, 854]
[85, 9, 344, 854]
[84, 14, 336, 854]
[84, 13, 341, 854]
[81, 13, 343, 854]
[76, 16, 341, 854]
[75, 6, 343, 854]
[79, 0, 332, 853]
[78, 5, 332, 854]
[74, 5, 332, 853]
[75, 14, 338, 854]
[76, 9, 332, 845]
[72, 9, 330, 848]
[74, 17, 331, 851]
[66, 16, 328, 840]
[68, 15, 326, 844]
[59, 10, 333, 854]
[64, 6, 329, 853]
[69, 8, 327, 854]
[61, 16, 327, 850]
[59, 14, 326, 854]
[63, 22, 327, 854]
[57, 15, 329, 854]
[64, 15, 328, 854]
[63, 20, 331, 854]
[65, 24, 326, 854]
[66, 5, 321, 854]
[66, 0, 320, 854]
[67, 10, 324, 854]
[67, 18, 328, 854]
[66, 13, 328, 854]
[63, 17, 327, 854]
[62, 13, 329, 854]
[62, 12, 333, 854]
[66, 14, 338, 854]
[61, 10, 323, 854]
[65, 18, 333, 854]
[64, 9, 330, 849]
[65, 7, 327, 844]
[66, 3, 331, 844]
[67, 4, 329, 849]
[56, 27, 330, 854]
[62, 16, 333, 854]
[67, 20, 337, 849]
[62, 21, 343, 847]
[67, 12, 342, 854]
[69, 15, 337, 849]
[66, 8, 338, 851]
[53, 13, 343, 854]
[60, 14, 343, 854]
[63, 14, 344, 844]
[69, 14, 336, 848]
[60, 14, 342, 852]
[65, 19, 344, 853]
[59, 9, 348, 854]
[65, 19, 345, 854]
[67, 21, 349, 854]
[71, 14, 348, 854]
[66, 8, 341, 843]
[75, 8, 350, 843]
[73, 1, 339, 849]
[71, 0, 341, 847]
[75, 3, 338, 852]
[72, 7, 348, 840]
[74, 10, 342, 854]
[76, 14, 341, 854]
[67, 5, 337, 854]
[70, 1, 353, 854]
[71, 7, 345, 854]
[68, 12, 348, 841]
[62, 6, 343, 851]
[65, 13, 343, 849]
[78, 13, 346, 854]
