1 0.1749084249084249 0.1710758377425044 0.20695970695970695 0.13051146384479717
1 0.14102564102564102 0.2689594356261023 0.23443223443223443 0.12169312169312169
1 0.14652014652014653 0.37389770723104054 0.22344322344322345 0.1657848324514991
1 0.1446886446886447 0.5105820105820106 0.24175824175824176 0.164021164021164
1 0.25824175824175827 0.6860670194003528 0.2857142857142857 0.23985890652557318
1 0.8003663003663004 0.7451499118165785 0.3553113553113553 0.24514991181657847
1 0.8452380952380952 0.5044091710758377 0.23992673992673993 0.1763668430335097
1 0.7078754578754579 0.16666666666666666 0.29120879120879123 0.11816578483245149
1 0.7032967032967034 0.23897707231040563 0.19413919413919414 0.12874779541446207
1 0.7454212454212454 0.2998236331569665 0.3333333333333333 0.23633156966490299
