1 0.059027777777777776 0.6038812785388128 0.11527777777777778 0.20319634703196346
1 0.25625 0.7728310502283106 0.22083333333333333 0.4406392694063927
1 0.5715277777777777 0.8139269406392694 0.19583333333333333 0.363013698630137
1 0.79375 0.7591324200913242 0.23194444444444445 0.4726027397260274
1 0.6555555555555556 0.5342465753424658 0.1361111111111111 0.2374429223744292
1 0.5229166666666667 0.5502283105022832 0.17916666666666667 0.228310502283105
1 0.825 0.2671232876712329 0.10555555555555556 0.1095890410958904
1 0.4013888888888889 0.2568493150684932 0.06388888888888888 0.07534246575342465
1 0.4375 0.2648401826484018 0.027777777777777776 0.0365296803652968
1 0.4548611111111111 0.2557077625570776 0.043055555555555555 0.091324200913242
1 0.4930555555555556 0.2568493150684932 0.058333333333333334 0.09360730593607305
