1 0.2001180637544274 0.34190620272314676 0.20425029515938606 0.18456883509833585
1 0.43919716646989376 0.2579425113464448 0.2101534828807556 0.17095310136157338
1 0.3742621015348288 0.10665658093797277 0.18417945690672963 0.09833585476550681
1 0.6959858323494688 0.24130105900151286 0.22786304604486424 0.19818456883509833
1 0.7449822904368358 0.4939485627836611 0.15820543093270367 0.18608169440242056
1 0.5761511216056671 0.43040847201210286 0.15584415584415584 0.16187594553706505
1 0.41617473435655256 0.46747352496217853 0.22077922077922077 0.21482602118003025
1 0.9362455726092089 0.46747352496217853 0.1204250295159386 0.25416036308623297
1 0.512987012987013 0.789712556732224 0.48288075560802834 0.405446293494705
1 0.2550177095631641 0.7125567322239031 0.4982290436835891 0.40242057488653554
