1 0.6280931586608443 0.8026905829596412 0.24890829694323144 0.11210762331838565
1 0.8202328966521106 0.7309417040358744 0.16448326055312956 0.13901345291479822
1 0.962882096069869 0.6894618834080718 0.07132459970887918 0.21748878923766815
1 0.14483260553129548 0.7275784753363229 0.19359534206695778 0.1547085201793722
1 0.47161572052401746 0.6434977578475336 0.11353711790393013 0.13452914798206278
1 0.3049490538573508 0.6098654708520179 0.1091703056768559 0.08520179372197309
1 0.10043668122270742 0.5964125560538116 0.11353711790393013 0.09865470852017937
1 0.2438136826783115 0.5246636771300448 0.07714701601164484 0.08520179372197309
1 0.34934497816593885 0.47085201793721976 0.17758369723435224 0.19282511210762332
1 0.5524017467248908 0.5179372197309418 0.15574963609898107 0.18385650224215247
1 0.8005822416302766 0.5056053811659192 0.11062590975254731 0.21300448430493274
1 0.6877729257641921 0.5224215246636771 0.04512372634643377 0.06726457399103139
1 0.9170305676855895 0.5201793721973094 0.05822416302765648 0.053811659192825115
1 0.9839883551673945 0.5224215246636771 0.02911208151382824 0.053811659192825115
