1 0.07392197125256673 0.19056603773584907 0.14784394250513347 0.19245283018867926
1 0.0513347022587269 0.6641509433962264 0.0944558521560575 0.4
1 0.38295687885010266 0.39811320754716983 0.1540041067761807 0.2981132075471698
1 0.5123203285420944 0.22830188679245284 0.1868583162217659 0.2528301886792453
1 0.6119096509240246 0.3584905660377358 0.12320328542094455 0.22641509433962265
1 0.6981519507186859 0.22075471698113208 0.1273100616016427 0.2
1 0.8357289527720739 0.07924528301886792 0.1437371663244353 0.12830188679245283
1 0.7731006160164271 0.2358490566037736 0.09650924024640657 0.17735849056603772
1 0.8028747433264887 0.28679245283018867 0.11088295687885011 0.21132075471698114
1 0.9065708418891171 0.21320754716981133 0.10061601642710473 0.18490566037735848
1 0.8603696098562629 0.35094339622641507 0.188911704312115 0.1509433962264151
1 0.9219712525667351 0.6377358490566037 0.13552361396303902 0.4075471698113208
