0 0.06691449814126393 0.10396039603960396 0.04956629491945477 0.16831683168316833
1 0.04151177199504337 0.19801980198019803 0.06815365551425032 0.1188118811881188
1 0.12701363073110286 0.17986798679867988 0.07806691449814127 0.2145214521452145
1 0.19206939281288724 0.19141914191419143 0.12391573729863693 0.19801980198019803
1 0.11833952912019827 0.47029702970297027 0.14745972738537794 0.2871287128712871
1 0.2527881040892193 0.27722772277227725 0.07434944237918216 0.13861386138613863
1 0.34324659231722426 0.3085808580858086 0.07434944237918216 0.0891089108910891
1 0.3680297397769517 0.21617161716171618 0.07187112763320942 0.1353135313531353
1 0.4355638166047088 0.16831683168316833 0.08798017348203221 0.20462046204620463
1 0.5452292441140025 0.24422442244224424 0.08674101610904585 0.15841584158415842
1 0.49876084262701365 0.4240924092409241 0.137546468401487 0.08250825082508251
1 0.43742255266418834 0.5445544554455446 0.17596034696406443 0.1716171617161716
0 0.5947955390334573 0.06105610561056106 0.06939281288723669 0.11551155115511551
1 0.7026022304832714 0.24422442244224424 0.07434944237918216 0.09900990099009901
1 0.6437422552664188 0.2871287128712871 0.06815365551425032 0.0858085808580858
1 0.6982651796778191 0.34983498349834985 0.06815365551425032 0.0858085808580858
1 0.8066914498141264 0.3778877887788779 0.12143742255266418 0.1551155115511551
1 0.869268897149938 0.6567656765676567 0.1623296158612144 0.27722772277227725
