1 0.11710677382319173 0.7774390243902439 0.2020665901262916 0.3231707317073171
1 0.10734787600459242 0.3719512195121951 0.17795637198622274 0.2865853658536585
1 0.10275545350172216 0.13871951219512196 0.17336394948335246 0.2652439024390244
1 0.3932261768082664 0.22560975609756098 0.1618828932261768 0.24390243902439024
1 0.4190585533869116 0.5365853658536586 0.22502870264064295 0.3597560975609756
1 0.6107921928817451 0.8536585365853658 0.18140068886337543 0.2804878048780488
1 0.8507462686567164 0.6707317073170732 0.28243398392652125 0.39634146341463417
1 0.7617680826636051 0.27896341463414637 0.22847301951779564 0.2774390243902439
1 0.9207807118254879 0.12957317073170732 0.1377726750861079 0.24085365853658536
1 0.5241102181400689 0.10975609756097561 0.19173363949483352 0.20121951219512196
