[39, 15, 311, 854]
[34, 15, 311, 854]
[41, 19, 309, 845]
[39, 16, 311, 848]
[36, 10, 316, 854]
[37, 11, 313, 854]
[36, 2, 313, 854]
[38, 6, 317, 854]
[37, 9, 315, 854]
[37, 11, 311, 854]
[32, 12, 318, 854]
[33, 17, 318, 854]
[35, 14, 320, 854]
[35, 17, 319, 854]
[40, 10, 316, 854]
[45, 4, 313, 854]
[40, 0, 312, 854]
[44, 9, 318, 854]
[45, 6, 312, 854]
[41, 11, 317, 854]
[39, 5, 320, 854]
[43, 2, 319, 854]
[40, 11, 317, 850]
[41, 0, 314, 854]
[43, 1, 321, 854]
[40, 0, 321, 854]
[40, 18, 321, 854]
[41, 16, 319, 854]
[45, 10, 316, 854]
[45, 9, 317, 854]
[43, 14, 317, 854]
[42, 13, 315, 854]
[42, 19, 321, 854]
[43, 12, 317, 854]
[46, 22, 315, 854]
[44, 13, 312, 854]
[40, 25, 319, 854]
[43, 3, 317, 854]
[41, 21, 317, 854]
[41, 12, 309, 854]
[40, 7, 309, 854]
[43, 6, 309, 854]
[35, 14, 320, 854]
[40, 15, 318, 854]
[33, 15, 322, 854]
[41, 2, 315, 854]
[29, 24, 312, 854]
[36, 22, 311, 854]
[32, 28, 314, 854]
[33, 23, 313, 854]
[32, 22, 315, 854]
[33, 23, 309, 854]
[33, 20, 311, 854]
[30, 23, 310, 854]
[32, 19, 306, 854]
[27, 18, 306, 854]
[34, 8, 301, 854]
[20, 16, 316, 854]
[24, 19, 319, 854]
[30, 17, 313, 854]
[27, 13, 314, 854]
[29, 18, 313, 854]
[26, 17, 308, 854]
[26, 10, 308, 854]
[29, 2, 303, 854]
[29, 16, 301, 854]
[26, 6, 306, 854]
[27, 13, 304, 846]
[25, 10, 304, 854]
[27, 11, 302, 854]
[26, 16, 300, 840]
[24, 11, 300, 854]
[29, 15, 301, 854]
[28, 16, 297, 844]
[34, 17, 297, 848]
[30, 13, 302, 854]
[28, 10, 301, 854]
[27, 7, 301, 854]
[29, 11, 301, 854]
[31, 15, 301, 854]
[30, 11, 298, 854]
[25, 15, 301, 854]
[26, 16, 300, 854]
[28, 12, 300, 854]
[23, 18, 299, 854]
[23, 21, 302, 854]
[22, 20, 298, 854]
[33, 9, 290, 851]
[25, 4, 296, 854]
[29, 1, 292, 854]
[23, 5, 292, 854]
[24, 2, 289, 854]
[22, 3, 290, 854]
[24, 7, 290, 854]
[25, 18, 301, 854]
[23, 21, 299, 854]
[24, 8, 292, 854]
[28, 14, 290, 854]
[27, 26, 296, 854]
[28, 18, 298, 854]
[31, 26, 307, 854]
[28, 22, 306, 854]
[29, 16, 296, 854]
[28, 20, 301, 854]
[25, 22, 300, 854]
[27, 15, 300, 854]
[27, 23, 298, 854]
[28, 26, 301, 854]
[24, 29, 305, 854]
[24, 26, 306, 854]
[29, 16, 300, 854]
[23, 21, 299, 854]
[21, 21, 299, 854]
[23, 21, 301, 854]
[22, 11, 305, 854]
[28, 24, 305, 854]
[28, 21, 307, 854]
[26, 19, 307, 854]
[27, 20, 307, 854]
[29, 18, 303, 854]
[27, 11, 299, 854]
[27, 16, 302, 854]
[25, 10, 301, 854]
[25, 12, 305, 854]
[30, 15, 303, 854]
[30, 13, 302, 854]
[25, 12, 300, 854]
[23, 19, 302, 854]
[26, 15, 299, 854]
[29, 12, 297, 854]
[28, 20, 301, 854]
[23, 14, 298, 854]
[27, 17, 298, 854]
[26, 22, 300, 854]
